{"feature": [26, 26, 26, 25, 33, 33, -2, 25, 33, -2, -2, -2, 33, 2, 23, -2, -2, 33, -2, -2, 33, 25, -2, -2, -2, 33, 28, 33, 24, -2, -2, -2, 33, 23, -2, -2, -2, 24, -2, 33, -2, -2, 26, 28, 33, 24, 33, -2, -2, 28, -2, -2, 32, 23, -2, -2, 24, -2, -2, 25, 2, 30, -2, -2, 24, -2, -2, 25, -2, -2, 30, 24, 33, -2, -2, 1, -2, 24, -2, -2, 23, 27, -2, -2, 23, 24, -2, -2, 33, -2, -2, 33, 30, 27, 23, 29, -2, 33, -2, -2, 24, -2, -2, 23, 24, -2, -2, 23, -2, -2, 25, 25, 33, -2, -2, 33, 26, -2, -2, 28, -2, -2, 24, 4, 29, -2, -2, -2, -2, 30, 25, 23, 13, 24, -2, -2, 27, -2, -2, 33, -2, -2, 31, -2, -2, 28, 30, -2, 7, 24, -2, -2, -2, 32, 23, 29, -2, -2, 25, -2, -2, 25, 23, -2, -2, 26, -2, -2, 12, 13, 33, 31, 29, 33, 28, -2, -2, 26, -2, -2, 33, 27, -2, -2, 30, -2, -2, 22, 26, -2, 27, -2, -2, 26, -2, -2, 2, 19, 30, 30, -2, -2, 31, -2, -2, 24, 32, -2, -2, -2, 29, -2, 23, -2, -2, 25, 26, 24, 25, 30, -2, -2, 23, -2, -2, 30, 29, -2, -2, 32, -2, -2, 24, 29, 24, -2, -2, 33, -2, -2, 33, 33, -2, -2, -2, 25, 24, 33, 25, -2, -2, 33, -2, -2, 23, 31, -2, -2, 25, -2, -2, 31, 30, 23, -2, -2, 24, -2, -2, 26, 24, -2, -2, -2, 33, 25, 1, -2, 33, 33, 32, -2, -2, -2, -2, 28, 22, 6, 26, -2, -2, 33, -2, -2, 26, 33, -2, -2, -2, 26, -2, -2, 31, 30, 26, 24, 28, -2, -2, 32, -2, -2, 18, 22, -2, -2, 27, -2, -2, 28, 27, 33, -2, -2, 23, -2, -2, 25, 31, -2, -2, 23, -2, -2, 26, 24, 25, 33, -2, -2, 27, -2, -2, 27, 33, -2, -2, 19, -2, -2, 23, 25, -2, 27, -2, -2, 26, 24, -2, -2, 30, -2, -2], "threshold": [-0.6404769122600555, -0.7308332920074463, -0.7528643310070038, 0.3602387607097626, -0.6328233182430267, -0.79664146900177, -2.0, 0.1889299750328064, -0.7193852961063385, -2.0, -2.0, -2.0, 0.9699430763721466, 0.5, -0.5949117839336395, -2.0, -2.0, -0.39170442521572113, -2.0, -2.0, 2.4866316318511963, -0.49060840904712677, -2.0, -2.0, -2.0, 0.676732212305069, 0.166856586933136, 0.5389020442962646, -0.7817012369632721, -2.0, -2.0, -2.0, 0.5133212506771088, -0.6318022608757019, -2.0, -2.0, -2.0, -0.7914710640907288, -2.0, 0.8490774631500244, -2.0, -2.0, -0.7518630623817444, -0.8157227337360382, 0.4699891060590744, -0.44962969422340393, -0.26232893019914627, -2.0, -2.0, -0.82245272397995, -2.0, -2.0, -1.0927678048610687, 0.3064558506011963, -2.0, -2.0, 0.15582437068223953, -2.0, -2.0, -0.056501577608287334, 0.5, -0.8120996952056885, -2.0, -2.0, -0.31288938224315643, -2.0, -2.0, 1.2740276455879211, -2.0, -2.0, -0.9196831583976746, -0.391027569770813, 0.5561526715755463, -2.0, -2.0, 0.5, -2.0, 1.8063401579856873, -2.0, -2.0, -0.6879647076129913, 0.283684641122818, -2.0, -2.0, 1.3557034730911255, 2.0895824432373047, -2.0, -2.0, 1.7109665274620056, -2.0, -2.0, -0.06414393335580826, -0.7743758261203766, 0.2951478064060211, 0.9859552681446075, -0.8305940628051758, -2.0, -0.39171114563941956, -2.0, -2.0, 1.913776159286499, -2.0, -2.0, 0.23710239678621292, -0.7044030427932739, -2.0, -2.0, 1.4481495022773743, -2.0, -2.0, 1.2056097984313965, -0.667426198720932, -0.21930091828107834, -2.0, -2.0, -0.6332139670848846, -0.7096031904220581, -2.0, -2.0, -0.9476312100887299, -2.0, -2.0, 1.1618200540542603, 0.5, -0.5580507814884186, -2.0, -2.0, -2.0, -2.0, -0.8442351222038269, -0.5076473951339722, 1.0413858294487, 0.5, -0.44069522246718407, -2.0, -2.0, -0.8637751936912537, -2.0, -2.0, 0.20289531350135803, -2.0, -2.0, 0.34986742958426476, -2.0, -2.0, -1.029737412929535, 0.37271004915237427, -2.0, 0.5, 1.532865822315216, -2.0, -2.0, -2.0, -0.1819153130054474, 0.2834179252386093, 0.42620551586151123, -2.0, -2.0, -0.6676490008831024, -2.0, -2.0, -0.5075354874134064, -0.4562450796365738, -2.0, -2.0, -0.6459093391895294, -2.0, -2.0, 0.5, 0.5, 0.6596271991729736, -0.8690966367721558, -0.7169274389743805, 0.03945918194949627, -0.912634938955307, -2.0, -2.0, 0.4580525755882263, -2.0, -2.0, 0.24611834436655045, -1.0047722160816193, -2.0, -2.0, -0.6472318172454834, -2.0, -2.0, 0.5, -0.6139662265777588, -2.0, -0.9268234968185425, -2.0, -2.0, 0.7340874671936035, -2.0, -2.0, 0.5, 0.5, 0.37271004915237427, -0.663998007774353, -2.0, -2.0, -0.5982157289981842, -2.0, -2.0, -0.6645901799201965, -0.1819153130054474, -2.0, -2.0, -2.0, -0.5722591876983643, -2.0, -0.47455261647701263, -2.0, -2.0, -0.5532227158546448, 0.9783996045589447, -0.5766002535820007, -0.6902746558189392, -0.6584092378616333, -2.0, -2.0, -0.6788042485713959, -2.0, -2.0, -0.8791646361351013, -0.6626768112182617, -2.0, -2.0, -0.1819153130054474, -2.0, -2.0, -0.7232935130596161, -0.8305940628051758, -0.7428273260593414, -2.0, -2.0, -1.35492342710495, -2.0, -2.0, -0.029729092493653297, -0.9435701072216034, -2.0, -2.0, -2.0, 0.29193244874477386, -0.6742648482322693, -1.02952241897583, -0.3133761137723923, -2.0, -2.0, 0.41833198070526123, -2.0, -2.0, -0.3821970224380493, 0.7561887800693512, -2.0, -2.0, -0.3133805841207504, -2.0, -2.0, -0.05645393207669258, 0.37271004915237427, -0.6133112013339996, -2.0, -2.0, -0.28359080851078033, -2.0, -2.0, 0.9147090315818787, -0.674275130033493, -2.0, -2.0, -2.0, -0.6156262755393982, -0.15369980782270432, 0.5, -2.0, -0.85687455534935, -0.8742572069168091, 0.7289372086524963, -2.0, -2.0, -2.0, -2.0, 0.166856586933136, 0.5, 0.5, -0.5291470289230347, -2.0, -2.0, -0.8483872711658478, -2.0, -2.0, -0.06204384192824364, -0.6847243309020996, -2.0, -2.0, -2.0, -0.13639021664857864, -2.0, -2.0, 0.48530788719654083, 0.37271004915237427, -0.5238189101219177, -0.6938976645469666, -0.8628328442573547, -2.0, -2.0, 0.7289372086524963, -2.0, -2.0, 0.5, 0.5, -2.0, -2.0, -1.0471857786178589, -2.0, -2.0, -0.8237987458705902, -0.9348474740982056, 0.04753501899540424, -2.0, -2.0, -0.5855790972709656, -2.0, -2.0, -0.5762827694416046, -0.5982157438993454, -2.0, -2.0, -0.3914417177438736, -2.0, -2.0, 0.2564728409051895, -0.7036609053611755, 0.49728456139564514, 1.8315425515174866, -2.0, -2.0, -1.075843632221222, -2.0, -2.0, -1.089599370956421, -0.512321949005127, -2.0, -2.0, 0.5, -2.0, -2.0, -0.5855777859687805, -0.5305987596511841, -2.0, -0.9990407228469849, -2.0, -2.0, 2.4856401681900024, -0.7914696633815765, -2.0, -2.0, -0.9196831583976746, -2.0, -2.0], "children_left": [1, 2, 3, 4, 5, 6, -1, 8, 9, -1, -1, -1, 13, 14, 15, -1, -1, 18, -1, -1, 21, 22, -1, -1, -1, 26, 27, 28, 29, -1, -1, -1, 33, 34, -1, -1, -1, 38, -1, 40, -1, -1, 43, 44, 45, 46, 47, -1, -1, 50, -1, -1, 53, 54, -1, -1, 57, -1, -1, 60, 61, 62, -1, -1, 65, -1, -1, 68, -1, -1, 71, 72, 73, -1, -1, 76, -1, 78, -1, -1, 81, 82, -1, -1, 85, 86, -1, -1, 89, -1, -1, 92, 93, 94, 95, 96, -1, 98, -1, -1, 101, -1, -1, 104, 105, -1, -1, 108, -1, -1, 111, 112, 113, -1, -1, 116, 117, -1, -1, 120, -1, -1, 123, 124, 125, -1, -1, -1, -1, 130, 131, 132, 133, 134, -1, -1, 137, -1, -1, 140, -1, -1, 143, -1, -1, 146, 147, -1, 149, 150, -1, -1, -1, 154, 155, 156, -1, -1, 159, -1, -1, 162, 163, -1, -1, 166, -1, -1, 169, 170, 171, 172, 173, 174, 175, -1, -1, 178, -1, -1, 181, 182, -1, -1, 185, -1, -1, 188, 189, -1, 191, -1, -1, 194, -1, -1, 197, 198, 199, 200, -1, -1, 203, -1, -1, 206, 207, -1, -1, -1, 211, -1, 213, -1, -1, 216, 217, 218, 219, 220, -1, -1, 223, -1, -1, 226, 227, -1, -1, 230, -1, -1, 233, 234, 235, -1, -1, 238, -1, -1, 241, 242, -1, -1, -1, 246, 247, 248, 249, -1, -1, 252, -1, -1, 255, 256, -1, -1, 259, -1, -1, 262, 263, 264, -1, -1, 267, -1, -1, 270, 271, -1, -1, -1, 275, 276, 277, -1, 279, 280, 281, -1, -1, -1, -1, 286, 287, 288, 289, -1, -1, 292, -1, -1, 295, 296, -1, -1, -1, 300, -1, -1, 303, 304, 305, 306, 307, -1, -1, 310, -1, -1, 313, 314, -1, -1, 317, -1, -1, 320, 321, 322, -1, -1, 325, -1, -1, 328, 329, -1, -1, 332, -1, -1, 335, 336, 337, 338, -1, -1, 341, -1, -1, 344, 345, -1, -1, 348, -1, -1, 351, 352, -1, 354, -1, -1, 357, 358, -1, -1, 361, -1, -1], "children_right": [168, 91, 42, 25, 12, 7, -1, 11, 10, -1, -1, -1, 20, 17, 16, -1, -1, 19, -1, -1, 24, 23, -1, -1, -1, 37, 32, 31, 30, -1, -1, -1, 36, 35, -1, -1, -1, 39, -1, 41, -1, -1, 70, 59, 52, 49, 48, -1, -1, 51, -1, -1, 56, 55, -1, -1, 58, -1, -1, 67, 64, 63, -1, -1, 66, -1, -1, 69, -1, -1, 80, 75, 74, -1, -1, 77, -1, 79, -1, -1, 84, 83, -1, -1, 88, 87, -1, -1, 90, -1, -1, 129, 110, 103, 100, 97, -1, 99, -1, -1, 102, -1, -1, 107, 106, -1, -1, 109, -1, -1, 122, 115, 114, -1, -1, 119, 118, -1, -1, 121, -1, -1, 128, 127, 126, -1, -1, -1, -1, 145, 142, 139, 136, 135, -1, -1, 138, -1, -1, 141, -1, -1, 144, -1, -1, 153, 148, -1, 152, 151, -1, -1, -1, 161, 158, 157, -1, -1, 160, -1, -1, 165, 164, -1, -1, 167, -1, -1, 274, 215, 196, 187, 180, 177, 176, -1, -1, 179, -1, -1, 184, 183, -1, -1, 186, -1, -1, 193, 190, -1, 192, -1, -1, 195, -1, -1, 210, 205, 202, 201, -1, -1, 204, -1, -1, 209, 208, -1, -1, -1, 212, -1, 214, -1, -1, 245, 232, 225, 222, 221, -1, -1, 224, -1, -1, 229, 228, -1, -1, 231, -1, -1, 240, 237, 236, -1, -1, 239, -1, -1, 244, 243, -1, -1, -1, 261, 254, 251, 250, -1, -1, 253, -1, -1, 258, 257, -1, -1, 260, -1, -1, 269, 266, 265, -1, -1, 268, -1, -1, 273, 272, -1, -1, -1, 302, 285, 278, -1, 284, 283, 282, -1, -1, -1, -1, 299, 294, 291, 290, -1, -1, 293, -1, -1, 298, 297, -1, -1, -1, 301, -1, -1, 334, 319, 312, 309, 308, -1, -1, 311, -1, -1, 316, 315, -1, -1, 318, -1, -1, 327, 324, 323, -1, -1, 326, -1, -1, 331, 330, -1, -1, 333, -1, -1, 350, 343, 340, 339, -1, -1, 342, -1, -1, 347, 346, -1, -1, 349, -1, -1, 356, 353, -1, 355, -1, -1, 360, 359, -1, -1, 362, -1, -1], "value": [[0.04193820100190628, 0.3962849669725584, 0.0789998670035909, 0.2729972957396817, 0.20977966928226272], [0.039825938889414436, 0.6917037177182859, 0.11701825749692556, 0.04502885252104815, 0.10642323337432599], [0.07688908528501988, 0.23862129916040653, 0.1179849756959788, 0.14759169244365886, 0.4189129474149359], [0.10806023029229407, 0.02037201062887511, 0.05491585473870682, 0.27989371124889284, 0.5367581930912312], [0.14606741573033707, 0.028892455858747994, 0.09630818619582665, 0.4333868378812199, 0.2953451043338684], [0.7971014492753623, 0.014492753623188406, 0.028985507246376812, 0.014492753623188406, 0.14492753623188406], [0.4375, 0.0625, 0.0, 0.0, 0.5], [0.9056603773584906, 0.0, 0.03773584905660377, 0.018867924528301886, 0.03773584905660377], [0.9714285714285714, 0.0, 0.0, 0.02857142857142857, 0.0], [1.0, 0.0, 0.0, 0.0, 0.0], [0.9375, 0.0, 0.0, 0.0625, 0.0], [0.7777777777777778, 0.0, 0.1111111111111111, 0.0, 0.1111111111111111], [0.06498194945848375, 0.030685920577617327, 0.10469314079422383, 0.4855595667870036, 0.3140794223826715], [0.0660377358490566, 0.007075471698113208, 0.12971698113207547, 0.5872641509433962, 0.2099056603773585], [0.06068601583113457, 0.0079155672823219, 0.1424802110817942, 0.6437994722955145, 0.14511873350923482], [0.0547945205479452, 0.00684931506849315, 0.0547945205479452, 0.7328767123287672, 0.1506849315068493], [0.08045977011494253, 0.011494252873563218, 0.4367816091954023, 0.3448275862068966, 0.12643678160919541], [0.1111111111111111, 0.0, 0.022222222222222223, 0.1111111111111111, 0.7555555555555555], [0.3125, 0.0, 0.0625, 0.3125, 0.3125], [0.0, 0.0, 0.0, 0.0, 1.0], [0.06153846153846154, 0.1076923076923077, 0.023076923076923078, 0.15384615384615385, 0.6538461538461539], [0.044642857142857144, 0.09821428571428571, 0.017857142857142856, 0.08035714285714286, 0.7589285714285714], [0.16666666666666666, 0.3888888888888889, 0.0, 0.1111111111111111, 0.3333333333333333], [0.02127659574468085, 0.0425531914893617, 0.02127659574468085, 0.07446808510638298, 0.8404255319148937], [0.16666666666666666, 0.16666666666666666, 0.05555555555555555, 0.6111111111111112, 0.0], [0.06126482213438735, 0.009881422924901186, 0.003952569169960474, 0.09090909090909091, 0.83399209486166], [0.09480122324159021, 0.012232415902140673, 0.0061162079510703364, 0.13761467889908258, 0.7492354740061162], [0.09236947791164658, 0.012048192771084338, 0.008032128514056224, 0.060240963855421686, 0.8273092369477911], [0.09913793103448276, 0.01293103448275862, 0.008620689655172414, 0.008620689655172414, 0.8706896551724138], [0.22641509433962265, 0.05660377358490566, 0.018867924528301886, 0.018867924528301886, 0.6792452830188679], [0.061452513966480445, 0.0, 0.00558659217877095, 0.00558659217877095, 0.9273743016759777], [0.0, 0.0, 0.0, 0.7647058823529411, 0.23529411764705882], [0.10256410256410256, 0.01282051282051282, 0.0, 0.38461538461538464, 0.5], [0.13559322033898305, 0.01694915254237288, 0.0, 0.5084745762711864, 0.3389830508474576], [0.15789473684210525, 0.0, 0.0, 0.3684210526315789, 0.47368421052631576], [0.09523809523809523, 0.047619047619047616, 0.0, 0.7619047619047619, 0.09523809523809523], [0.0, 0.0, 0.0, 0.0, 1.0], [0.0, 0.00558659217877095, 0.0, 0.00558659217877095, 0.9888268156424581], [0.0, 0.058823529411764705, 0.0, 0.0, 0.9411764705882353], [0.0, 0.0, 0.0, 0.006172839506172839, 0.9938271604938271], [0.0, 0.0, 0.0, 0.03333333333333333, 0.9666666666666667], [0.0, 0.0, 0.0, 0.0, 1.0], [0.04585537918871252, 0.4559082892416226, 0.18077601410934743, 0.015873015873015872, 0.30158730158730157], [0.029227557411273485, 0.6325678496868476, 0.2150313152400835, 0.022964509394572025, 0.10020876826722339], [0.03018867924528302, 0.5094339622641509, 0.35471698113207545, 0.03018867924528302, 0.07547169811320754], [0.031578947368421054, 0.6421052631578947, 0.22631578947368422, 0.021052631578947368, 0.07894736842105263], [0.09433962264150944, 0.22641509433962265, 0.4716981132075472, 0.018867924528301886, 0.18867924528301888], [0.05555555555555555, 0.6666666666666666, 0.0, 0.0, 0.2777777777777778], [0.11428571428571428, 0.0, 0.7142857142857143, 0.02857142857142857, 0.14285714285714285], [0.0072992700729927005, 0.8029197080291971, 0.13138686131386862, 0.021897810218978103, 0.0364963503649635], [0.012345679012345678, 0.9259259259259259, 0.0, 0.024691358024691357, 0.037037037037037035], [0.0, 0.625, 0.32142857142857145, 0.017857142857142856, 0.03571428571428571], [0.02666666666666667, 0.17333333333333334, 0.68, 0.05333333333333334, 0.06666666666666667], [0.05, 0.325, 0.475, 0.05, 0.1], [0.08333333333333333, 0.5, 0.25, 0.0, 0.16666666666666666], [0.0, 0.0625, 0.8125, 0.125, 0.0], [0.0, 0.0, 0.9142857142857143, 0.05714285714285714, 0.02857142857142857], [0.0, 0.0, 0.875, 0.125, 0.0], [0.0, 0.0, 0.9473684210526315, 0.0, 0.05263157894736842], [0.028037383177570093, 0.7850467289719626, 0.04205607476635514, 0.014018691588785047, 0.1308411214953271], [0.011695906432748537, 0.8830409356725146, 0.05263157894736842, 0.0, 0.05263157894736842], [0.0072992700729927005, 0.9416058394160584, 0.029197080291970802, 0.0, 0.021897810218978103], [0.058823529411764705, 0.7058823529411765, 0.23529411764705882, 0.0, 0.0], [0.0, 0.975, 0.0, 0.0, 0.025], [0.029411764705882353, 0.6470588235294118, 0.14705882352941177, 0.0, 0.17647058823529413], [0.0, 0.8823529411764706, 0.0, 0.0, 0.11764705882352941], [0.058823529411764705, 0.4117647058823529, 0.29411764705882354, 0.0, 0.23529411764705882], [0.09302325581395349, 0.3953488372093023, 0.0, 0.06976744186046512, 0.4418604651162791], [0.0, 0.1111111111111111, 0.0, 0.05555555555555555, 0.8333333333333334], [0.16, 0.6, 0.0, 0.08, 0.16], [0.05801526717557252, 0.3267175572519084, 0.15572519083969466, 0.010687022900763359, 0.4488549618320611], [0.11194029850746269, 0.11194029850746269, 0.44776119402985076, 0.014925373134328358, 0.31343283582089554], [0.16666666666666666, 0.0, 0.22916666666666666, 0.0, 0.6041666666666666], [0.06896551724137931, 0.0, 0.06896551724137931, 0.0, 0.8620689655172413], [0.3157894736842105, 0.0, 0.47368421052631576, 0.0, 0.21052631578947367], [0.08139534883720931, 0.1744186046511628, 0.5697674418604651, 0.023255813953488372, 0.1511627906976744], [0.1, 0.5, 0.05, 0.0, 0.35], [0.07575757575757576, 0.07575757575757576, 0.7272727272727273, 0.030303030303030304, 0.09090909090909091], [0.020833333333333332, 0.020833333333333332, 0.9375, 0.020833333333333332, 0.0], [0.2222222222222222, 0.2222222222222222, 0.16666666666666666, 0.05555555555555555, 0.3333333333333333], [0.044145873320537425, 0.381957773512476, 0.08061420345489444, 0.009596928982725527, 0.4836852207293666], [0.024390243902439025, 0.9024390243902439, 0.0, 0.0, 0.07317073170731707], [0.0, 1.0, 0.0, 0.0, 0.0], [0.05263157894736842, 0.7894736842105263, 0.0, 0.0, 0.15789473684210525], [0.04583333333333333, 0.3375, 0.0875, 0.010416666666666666, 0.51875], [0.04838709677419355, 0.2857142857142857, 0.09216589861751152, 0.0069124423963133645, 0.5668202764976958], [0.04909560723514212, 0.23772609819121446, 0.10077519379844961, 0.002583979328165375, 0.6098191214470284], [0.0425531914893617, 0.6808510638297872, 0.02127659574468085, 0.0425531914893617, 0.2127659574468085], [0.021739130434782608, 0.8260869565217391, 0.043478260869565216, 0.043478260869565216, 0.06521739130434782], [0.05555555555555555, 0.5555555555555556, 0.1111111111111111, 0.1111111111111111, 0.16666666666666666], [0.0, 1.0, 0.0, 0.0, 0.0], [0.0297303803562831, 0.8151179585941262, 0.11675493500240731, 0.017091959557053442, 0.021304766490129995], [0.029393370856785492, 0.9199499687304565, 0.027673545966228893, 0.010631644777986242, 0.01235146966854284], [0.087248322147651, 0.5167785234899329, 0.2986577181208054, 0.053691275167785234, 0.0436241610738255], [0.12169312169312169, 0.7037037037037037, 0.06878306878306878, 0.037037037037037035, 0.06878306878306878], [0.055944055944055944, 0.8251748251748252, 0.04895104895104895, 0.02097902097902098, 0.04895104895104895], [0.09090909090909091, 0.4090909090909091, 0.2727272727272727, 0.0, 0.22727272727272727], [0.049586776859504134, 0.9008264462809917, 0.008264462809917356, 0.024793388429752067, 0.01652892561983471], [0.011627906976744186, 0.9651162790697675, 0.0, 0.011627906976744186, 0.011627906976744186], [0.14285714285714285, 0.7428571428571429, 0.02857142857142857, 0.05714285714285714, 0.02857142857142857], [0.32608695652173914, 0.32608695652173914, 0.13043478260869565, 0.08695652173913043, 0.13043478260869565], [0.0, 0.48148148148148145, 0.2222222222222222, 0.14814814814814814, 0.14814814814814814], [0.7894736842105263, 0.10526315789473684, 0.0, 0.0, 0.10526315789473684], [0.027522935779816515, 0.1926605504587156, 0.6972477064220184, 0.08256880733944955, 0.0], [0.06, 0.42, 0.48, 0.04, 0.0], [0.0, 0.2413793103448276, 0.7586206896551724, 0.0, 0.0], [0.14285714285714285, 0.6666666666666666, 0.09523809523809523, 0.09523809523809523, 0.0], [0.0, 0.0, 0.8813559322033898, 0.11864406779661017, 0.0], [0.0, 0.0, 1.0, 0.0, 0.0], [0.0, 0.0, 0.5625, 0.4375, 0.0], [0.026566087241718595, 0.9396523450311578, 0.014430960970810102, 0.008527386028205968, 0.010823220728107576], [0.025987006496751622, 0.9486923205064135, 0.01365983674829252, 0.006330168249208729, 0.005330667999333667], [0.03125, 0.40625, 0.125, 0.375, 0.0625], [0.0625, 0.25, 0.1875, 0.4375, 0.0625], [0.0, 0.5625, 0.0625, 0.3125, 0.0625], [0.0259588008708759, 0.9515993970859152, 0.013063138502763355, 0.004354379500921119, 0.005024284039524368], [0.01649208825495877, 0.9730332070425675, 0.005125919322487185, 0.0006685981724983285, 0.0046801872074883], [0.05263157894736842, 0.42105263157894735, 0.05263157894736842, 0.0, 0.47368421052631576], [0.016338406445837065, 0.9753804834377797, 0.004923903312444047, 0.0006714413607878246, 0.0026857654431512983], [0.0545822102425876, 0.8867924528301887, 0.03706199460916442, 0.01549865229110512, 0.006064690026954178], [0.034482758620689655, 0.6781609195402298, 0.26436781609195403, 0.022988505747126436, 0.0], [0.05583392984967788, 0.8997852541159628, 0.02290622763063708, 0.015032211882605583, 0.006442376521116679], [0.06315789473684211, 0.3684210526315789, 0.06315789473684211, 0.14736842105263157, 0.35789473684210527], [0.0759493670886076, 0.379746835443038, 0.0759493670886076, 0.0379746835443038, 0.43037974683544306], [0.12244897959183673, 0.24489795918367346, 0.10204081632653061, 0.061224489795918366, 0.46938775510204084], [0.13043478260869565, 0.391304347826087, 0.13043478260869565, 0.08695652173913043, 0.2608695652173913], [0.11538461538461539, 0.11538461538461539, 0.07692307692307693, 0.038461538461538464, 0.6538461538461539], [0.0, 0.6, 0.03333333333333333, 0.0, 0.36666666666666664], [0.0, 0.3125, 0.0, 0.6875, 0.0], [0.03085774058577406, 0.46443514644351463, 0.4147489539748954, 0.038702928870292884, 0.051255230125523014], [0.026392961876832845, 0.08504398826979472, 0.8005865102639296, 0.04398826979472141, 0.04398826979472141], [0.019736842105263157, 0.039473684210526314, 0.8881578947368421, 0.03618421052631579, 0.01644736842105263], [0.022727272727272728, 0.045454545454545456, 0.9166666666666666, 0.011363636363636364, 0.003787878787878788], [0.10204081632653061, 0.14285714285714285, 0.7142857142857143, 0.02040816326530612, 0.02040816326530612], [0.18518518518518517, 0.25925925925925924, 0.5185185185185185, 0.0, 0.037037037037037035], [0.0, 0.0, 0.9545454545454546, 0.045454545454545456, 0.0], [0.004651162790697674, 0.023255813953488372, 0.9627906976744186, 0.009302325581395349, 0.0], [0.0, 0.2222222222222222, 0.7222222222222222, 0.05555555555555555, 0.0], [0.005076142131979695, 0.005076142131979695, 0.9847715736040609, 0.005076142131979695, 0.0], [0.0, 0.0, 0.7, 0.2, 0.1], [0.0, 0.0, 0.6111111111111112, 0.3888888888888889, 0.0], [0.0, 0.0, 0.7727272727272727, 0.045454545454545456, 0.18181818181818182], [0.08108108108108109, 0.4594594594594595, 0.08108108108108109, 0.10810810810810811, 0.2702702702702703], [0.0, 0.6666666666666666, 0.05555555555555555, 0.2222222222222222, 0.05555555555555555], [0.15789473684210525, 0.2631578947368421, 0.10526315789473684, 0.0, 0.47368421052631576], [0.031826861871419476, 0.5467854869509866, 0.3309993634627626, 0.037555697008274984, 0.05283259070655633], [0.042105263157894736, 0.15789473684210525, 0.7105263157894737, 0.03684210526315789, 0.05263157894736842], [0.0, 0.8, 0.0, 0.04, 0.16], [0.048484848484848485, 0.06060606060606061, 0.8181818181818182, 0.03636363636363636, 0.03636363636363636], [0.03424657534246575, 0.0273972602739726, 0.8835616438356164, 0.0273972602739726, 0.0273972602739726], [0.008333333333333333, 0.03333333333333333, 0.925, 0.008333333333333333, 0.025], [0.15384615384615385, 0.0, 0.6923076923076923, 0.11538461538461539, 0.038461538461538464], [0.15789473684210525, 0.3157894736842105, 0.3157894736842105, 0.10526315789473684, 0.10526315789473684], [0.03041274438812455, 0.6002896451846488, 0.278783490224475, 0.03765387400434468, 0.05286024619840695], [0.035479632063074903, 0.45860709592641263, 0.41392904073587383, 0.03810775295663601, 0.05387647831800263], [0.05, 0.32037037037037036, 0.5314814814814814, 0.046296296296296294, 0.05185185185185185], [0.1320754716981132, 0.7075471698113207, 0.0660377358490566, 0.0660377358490566, 0.02830188679245283], [0.029953917050691243, 0.22580645161290322, 0.6451612903225806, 0.041474654377880185, 0.0576036866359447], [0.0, 0.7963800904977375, 0.12669683257918551, 0.01809954751131222, 0.058823529411764705], [0.0, 0.0, 0.9545454545454546, 0.0, 0.045454545454545456], [0.0, 0.8844221105527639, 0.035175879396984924, 0.020100502512562814, 0.06030150753768844], [0.024193548387096774, 0.7741935483870968, 0.11290322580645161, 0.037096774193548385, 0.05161290322580645], [0.02292768959435626, 0.8271604938271605, 0.10758377425044091, 0.021164021164021163, 0.021164021164021163], [0.01834862385321101, 0.5412844036697247, 0.28440366972477066, 0.08256880733944955, 0.07339449541284404], [0.024017467248908297, 0.8951965065502183, 0.06550218340611354, 0.006550218340611353, 0.008733624454148471], [0.03773584905660377, 0.20754716981132076, 0.16981132075471697, 0.20754716981132076, 0.37735849056603776], [0.029411764705882353, 0.08823529411764706, 0.14705882352941177, 0.3235294117647059, 0.4117647058823529], [0.05263157894736842, 0.42105263157894735, 0.21052631578947367, 0.0, 0.3157894736842105], [0.043801101284832306, 0.13574169864842317, 0.04546971466711163, 0.47405306190555646, 0.3009344234940764], [0.055170239596469106, 0.16220050441361916, 0.04240226986128626, 0.5997793190416141, 0.14044766708701134], [0.05127378265075782, 0.02999032570138665, 0.009674298613350531, 0.7929700096742986, 0.11609158336020639], [0.041666666666666664, 0.026413690476190476, 0.010044642857142858, 0.8389136904761905, 0.08296130952380952], [0.08010335917312661, 0.027131782945736434, 0.025839793281653745, 0.7067183462532299, 0.16020671834625322], [0.4270833333333333, 0.09375, 0.03125, 0.3645833333333333, 0.08333333333333333], [0.09090909090909091, 0.18181818181818182, 0.0, 0.6363636363636364, 0.09090909090909091], [0.05555555555555555, 0.05555555555555555, 0.0, 0.8888888888888888, 0.0], [0.11538461538461539, 0.2692307692307692, 0.0, 0.46153846153846156, 0.15384615384615385], [0.7115384615384616, 0.019230769230769232, 0.057692307692307696, 0.1346153846153846, 0.07692307692307693], [0.2777777777777778, 0.05555555555555555, 0.16666666666666666, 0.2777777777777778, 0.2222222222222222], [0.9411764705882353, 0.0, 0.0, 0.058823529411764705, 0.0], [0.030973451327433628, 0.017699115044247787, 0.025073746312684365, 0.7551622418879056, 0.1710914454277286], [0.02044989775051125, 0.024539877300613498, 0.022494887525562373, 0.8098159509202454, 0.12269938650306748], [0.05084745762711865, 0.03389830508474576, 0.06779661016949153, 0.5084745762711864, 0.3389830508474576], [0.01627906976744186, 0.023255813953488372, 0.01627906976744186, 0.8511627906976744, 0.09302325581395349], [0.0582010582010582, 0.0, 0.031746031746031744, 0.6137566137566137, 0.2962962962962963], [0.03278688524590164, 0.0, 0.01639344262295082, 0.9508196721311475, 0.0], [0.0703125, 0.0, 0.0390625, 0.453125, 0.4375], [0.02612330198537095, 0.02612330198537095, 0.0036572622779519333, 0.8923719958202717, 0.05172413793103448], [0.022641509433962263, 0.02587601078167116, 0.0037735849056603774, 0.9056603773584906, 0.042048517520215635], [0.5, 0.13333333333333333, 0.0, 0.36666666666666664, 0.0], [0.014794520547945205, 0.02410958904109589, 0.0038356164383561643, 0.9145205479452054, 0.042739726027397264], [0.0, 0.06896551724137931, 0.034482758620689655, 0.6206896551724138, 0.27586206896551724], [0.015280135823429542, 0.022637238256932653, 0.0028296547821165816, 0.9241652518392756, 0.03508771929824561], [0.13559322033898305, 0.03389830508474576, 0.0, 0.4745762711864407, 0.3559322033898305], [0.13333333333333333, 0.06666666666666667, 0.0, 0.1, 0.7], [0.13793103448275862, 0.0, 0.0, 0.8620689655172413, 0.0], [0.11380145278450363, 0.053268765133171914, 0.007263922518159807, 0.4939467312348668, 0.33171912832929784], [0.15151515151515152, 0.06060606060606061, 0.006734006734006734, 0.3434343434343434, 0.4377104377104377], [0.16182572614107885, 0.05394190871369295, 0.008298755186721992, 0.24481327800829875, 0.5311203319502075], [0.5161290322580645, 0.06451612903225806, 0.0, 0.1935483870967742, 0.22580645161290322], [0.0, 0.18181818181818182, 0.0, 0.3181818181818182, 0.5], [0.8, 0.0, 0.0, 0.125, 0.075], [0.03910614525139665, 0.05027932960893855, 0.0111731843575419, 0.26256983240223464, 0.6368715083798883], [0.012987012987012988, 0.012987012987012988, 0.025974025974025976, 0.0, 0.948051948051948], [0.058823529411764705, 0.0784313725490196, 0.0, 0.46078431372549017, 0.4019607843137255], [0.10714285714285714, 0.08928571428571429, 0.0, 0.7678571428571429, 0.03571428571428571], [0.0, 0.0, 0.0, 0.9714285714285714, 0.02857142857142857], [0.0, 0.0, 0.0, 0.9375, 0.0625], [0.0, 0.0, 0.0, 1.0, 0.0], [0.2857142857142857, 0.23809523809523808, 0.0, 0.42857142857142855, 0.047619047619047616], [0.017241379310344827, 0.034482758620689655, 0.008620689655172414, 0.8793103448275862, 0.0603448275862069], [0.0, 0.14814814814814814, 0.0, 0.6296296296296297, 0.2222222222222222], [0.02247191011235955, 0.0, 0.011235955056179775, 0.9550561797752809, 0.011235955056179775], [0.0, 0.0, 0.0, 1.0, 0.0], [0.07142857142857142, 0.0, 0.03571428571428571, 0.8571428571428571, 0.03571428571428571], [0.05889608387295714, 0.28862164662349676, 0.07369719395621338, 0.4150477952513105, 0.1637372802960222], [0.10618846694796062, 0.459915611814346, 0.06610407876230662, 0.36075949367088606, 0.007032348804500703], [0.0627659574468085, 0.33085106382978724, 0.07021276595744681, 0.5276595744680851, 0.00851063829787234], [0.10818713450292397, 0.15204678362573099, 0.07017543859649122, 0.6578947368421053, 0.011695906432748537], [0.03508771929824561, 0.543859649122807, 0.017543859649122806, 0.40350877192982454, 0.0], [0.045454545454545456, 0.0, 0.045454545454545456, 0.9090909090909091, 0.0], [0.02857142857142857, 0.8857142857142857, 0.0, 0.08571428571428572, 0.0], [0.12280701754385964, 0.07368421052631578, 0.08070175438596491, 0.7087719298245614, 0.014035087719298246], [0.5882352941176471, 0.17647058823529413, 0.058823529411764705, 0.058823529411764705, 0.11764705882352941], [0.09328358208955224, 0.06716417910447761, 0.08208955223880597, 0.75, 0.007462686567164179], [0.03678929765886288, 0.4331103678929766, 0.07023411371237458, 0.4531772575250836, 0.006688963210702341], [0.037037037037037035, 0.16296296296296298, 0.11851851851851852, 0.674074074074074, 0.007407407407407408], [0.07692307692307693, 0.46153846153846156, 0.3076923076923077, 0.1282051282051282, 0.02564102564102564], [0.020833333333333332, 0.041666666666666664, 0.041666666666666664, 0.8958333333333334, 0.0], [0.0367170626349892, 0.5118790496760259, 0.056155507559395246, 0.38876889848812096, 0.0064794816414686825], [0.04081632653061224, 0.32142857142857145, 0.11224489795918367, 0.5204081632653061, 0.00510204081632653], [0.033707865168539325, 0.651685393258427, 0.0149812734082397, 0.29213483146067415, 0.00749063670411985], [0.1908713692946058, 0.7116182572614108, 0.058091286307053944, 0.035269709543568464, 0.004149377593360996], [0.4918918918918919, 0.32432432432432434, 0.11891891891891893, 0.05405405405405406, 0.010810810810810811], [0.640625, 0.1171875, 0.171875, 0.0546875, 0.015625], [0.07407407407407407, 0.0, 0.6666666666666666, 0.18518518518518517, 0.07407407407407407], [0.7920792079207921, 0.1485148514851485, 0.039603960396039604, 0.019801980198019802, 0.0], [0.15789473684210525, 0.7894736842105263, 0.0, 0.05263157894736842, 0.0], [0.05405405405405406, 0.9459459459459459, 0.0, 0.0, 0.0], [0.35, 0.5, 0.0, 0.15, 0.0], [0.003367003367003367, 0.9528619528619529, 0.020202020202020204, 0.02356902356902357, 0.0], [0.0, 0.9893238434163701, 0.010676156583629894, 0.0, 0.0], [0.0, 0.9962264150943396, 0.0037735849056603774, 0.0, 0.0], [0.0, 0.875, 0.125, 0.0, 0.0], [0.0625, 0.3125, 0.1875, 0.4375, 0.0], [0.021965952773201538, 0.15485996705107083, 0.07962657880285558, 0.457440966501922, 0.28610653487095], [0.02635542168674699, 0.16265060240963855, 0.09563253012048192, 0.5353915662650602, 0.17996987951807228], [0.014012738853503185, 0.04331210191082802, 0.08535031847133757, 0.6675159235668789, 0.18980891719745224], [0.0, 0.0, 0.0, 0.021739130434782608, 0.9782608695652174], [0.0, 0.0, 0.0, 0.0625, 0.9375], [0.0, 0.0, 0.0, 0.0, 1.0], [0.014884979702300407, 0.046008119079837616, 0.09066305818673884, 0.7077131258457375, 0.14073071718538566], [0.016293279022403257, 0.03665987780040733, 0.07942973523421588, 0.8065173116089613, 0.06109979633401222], [0.012096774193548387, 0.06451612903225806, 0.11290322580645161, 0.5120967741935484, 0.29838709677419356], [0.04419889502762431, 0.3351749539594843, 0.11049723756906077, 0.3443830570902394, 0.16574585635359115], [0.05730659025787966, 0.42120343839541546, 0.05157593123209169, 0.2664756446991404, 0.2034383954154728], [0.10106382978723404, 0.2872340425531915, 0.0797872340425532, 0.26063829787234044, 0.2712765957446808], [0.006211180124223602, 0.577639751552795, 0.018633540372670808, 0.2732919254658385, 0.12422360248447205], [0.020618556701030927, 0.18041237113402062, 0.21649484536082475, 0.4845360824742268, 0.0979381443298969], [0.014705882352941176, 0.058823529411764705, 0.11764705882352941, 0.7647058823529411, 0.04411764705882353], [0.023809523809523808, 0.24603174603174602, 0.2698412698412698, 0.3333333333333333, 0.12698412698412698], [0.010141987829614604, 0.13387423935091278, 0.036511156186612576, 0.24746450304259635, 0.5720081135902637], [0.00819672131147541, 0.10245901639344263, 0.01639344262295082, 0.12295081967213115, 0.75], [0.023809523809523808, 0.047619047619047616, 0.023809523809523808, 0.5476190476190477, 0.35714285714285715], [0.0, 0.0, 0.0, 1.0, 0.0], [0.041666666666666664, 0.08333333333333333, 0.041666666666666664, 0.20833333333333334, 0.625], [0.0049504950495049506, 0.11386138613861387, 0.01485148514851485, 0.034653465346534656, 0.8316831683168316], [0.0055248618784530384, 0.06077348066298342, 0.016574585635359115, 0.03867403314917127, 0.8784530386740331], [0.0, 0.5714285714285714, 0.0, 0.0, 0.42857142857142855], [0.012048192771084338, 0.1646586345381526, 0.05622489959839357, 0.36947791164658633, 0.39759036144578314], [0.013333333333333334, 0.18222222222222223, 0.06222222222222222, 0.3022222222222222, 0.44], [0.008, 0.04, 0.056, 0.4, 0.496], [0.02, 0.36, 0.07, 0.18, 0.37], [0.0, 0.0, 0.0, 1.0, 0.0], [0.031017369727047148, 0.10599078341013825, 0.0489188231123715, 0.3326834455866714, 0.4813895781637717], [0.031496062992125984, 0.07480314960629922, 0.005511811023622047, 0.03228346456692913, 0.8559055118110236], [0.06593406593406594, 0.7692307692307693, 0.02197802197802198, 0.0, 0.14285714285714285], [0.0, 1.0, 0.0, 0.0, 0.0], [0.08955223880597014, 0.6865671641791045, 0.029850746268656716, 0.0, 0.19402985074626866], [0.0392156862745098, 0.7058823529411765, 0.0, 0.0, 0.2549019607843137], [0.06060606060606061, 0.7575757575757576, 0.0, 0.0, 0.18181818181818182], [0.125, 0.625, 0.0, 0.0, 0.25], [0.0, 0.8823529411764706, 0.0, 0.0, 0.11764705882352941], [0.0, 0.6111111111111112, 0.0, 0.0, 0.3888888888888889], [0.25, 0.625, 0.125, 0.0, 0.0], [0.02883799830364716, 0.021204410517387615, 0.004240882103477523, 0.03477523324851569, 0.910941475826972], [0.023767605633802816, 0.022007042253521125, 0.0044014084507042256, 0.01584507042253521, 0.9339788732394366], [0.016713091922005572, 0.02321262766945218, 0.004642525533890436, 0.0018570102135561746, 0.9535747446610956], [0.017, 0.009, 0.003, 0.0, 0.971], [0.02857142857142857, 0.2571428571428571, 0.0, 0.0, 0.7142857142857143], [0.016580310880829015, 0.0, 0.0031088082901554403, 0.0, 0.9803108808290155], [0.012987012987012988, 0.2077922077922078, 0.025974025974025976, 0.025974025974025976, 0.7272727272727273], [0.0, 0.0, 0.0, 0.0, 1.0], [0.030303030303030304, 0.48484848484848486, 0.06060606060606061, 0.06060606060606061, 0.36363636363636365], [0.15254237288135594, 0.0, 0.0, 0.2711864406779661, 0.576271186440678], [0.024390243902439025, 0.0, 0.0, 0.21951219512195122, 0.7560975609756098], [0.0, 0.0, 0.0, 0.0, 1.0], [0.05263157894736842, 0.0, 0.0, 0.47368421052631576, 0.47368421052631576], [0.4444444444444444, 0.0, 0.0, 0.3888888888888889, 0.16666666666666666], [0.16279069767441862, 0.0, 0.0, 0.5348837209302325, 0.3023255813953488], [0.15, 0.0, 0.0, 0.25, 0.6], [0.17391304347826086, 0.0, 0.0, 0.782608695652174, 0.043478260869565216], [0.030878316559926806, 0.11505032021957914, 0.06152790484903934, 0.41994510521500455, 0.3725983531564501], [0.03798842257597684, 0.1049204052098408, 0.05209840810419682, 0.31657018813314036, 0.48842257597684513], [0.07670454545454546, 0.13920454545454544, 0.05113636363636364, 0.53125, 0.20170454545454544], [0.21243523316062177, 0.42487046632124353, 0.05699481865284974, 0.06735751295336788, 0.23834196891191708], [0.16, 0.04, 0.16, 0.24, 0.4], [0.3333333333333333, 0.041666666666666664, 0.2916666666666667, 0.20833333333333334, 0.125], [0.0, 0.038461538461538464, 0.038461538461538464, 0.2692307692307692, 0.6538461538461539], [0.23076923076923078, 0.5594405594405595, 0.02097902097902098, 0.006993006993006993, 0.18181818181818182], [0.12149532710280374, 0.6542056074766355, 0.028037383177570093, 0.009345794392523364, 0.18691588785046728], [0.5555555555555556, 0.2777777777777778, 0.0, 0.0, 0.16666666666666666], [0.046349942062572425, 0.07531865585168018, 0.04982618771726535, 0.6349942062572422, 0.19351100811123986], [0.058823529411764705, 0.0855614973262032, 0.053475935828877004, 0.32620320855614976, 0.47593582887700536], [0.03389830508474576, 0.11016949152542373, 0.05084745762711865, 0.4576271186440678, 0.3474576271186441], [0.10144927536231885, 0.043478260869565216, 0.057971014492753624, 0.10144927536231885, 0.6956521739130435], [0.042899408284023666, 0.07248520710059171, 0.04881656804733728, 0.7204142011834319, 0.11538461538461539], [0.17346938775510204, 0.01020408163265306, 0.0, 0.3163265306122449, 0.5], [0.020761245674740483, 0.08304498269896193, 0.05709342560553633, 0.7889273356401384, 0.050173010380622836], [0.01405152224824356, 0.08372365339578454, 0.05269320843091335, 0.18384074941451992, 0.6656908665105387], [0.009554140127388535, 0.03503184713375796, 0.1305732484076433, 0.6751592356687898, 0.14968152866242038], [0.0, 0.08333333333333333, 0.027777777777777776, 0.027777777777777776, 0.8611111111111112], [0.0, 0.0, 0.0, 0.058823529411764705, 0.9411764705882353], [0.0, 0.15789473684210525, 0.05263157894736842, 0.0, 0.7894736842105263], [0.01079136690647482, 0.02877697841726619, 0.14388489208633093, 0.7589928057553957, 0.05755395683453238], [0.005263157894736842, 0.021052631578947368, 0.010526315789473684, 0.9052631578947369, 0.05789473684210526], [0.022727272727272728, 0.045454545454545456, 0.4318181818181818, 0.4431818181818182, 0.056818181818181816], [0.015064562410329985, 0.09469153515064563, 0.0351506456241033, 0.07317073170731707, 0.7819225251076041], [0.0, 0.7346938775510204, 0.0, 0.1836734693877551, 0.08163265306122448], [0.0, 0.375, 0.0, 0.375, 0.25], [0.0, 0.9090909090909091, 0.0, 0.09090909090909091, 0.0], [0.015613382899628252, 0.07137546468401487, 0.036431226765799254, 0.0691449814126394, 0.8074349442379182], [0.01267962806424345, 0.042265426880811495, 0.03550295857988166, 0.06931530008453085, 0.8402366863905325], [0.037037037037037035, 0.2839506172839506, 0.043209876543209874, 0.06790123456790123, 0.5679012345679012], [0.018656716417910446, 0.13246268656716417, 0.07773631840796019, 0.597636815920398, 0.17350746268656717], [0.026717557251908396, 0.2729007633587786, 0.09541984732824428, 0.32061068702290074, 0.28435114503816794], [0.015151515151515152, 0.04040404040404041, 0.07575757575757576, 0.4595959595959596, 0.4090909090909091], [0.02702702702702703, 0.05405405405405406, 0.32432432432432434, 0.08108108108108109, 0.5135135135135135], [0.058823529411764705, 0.11764705882352941, 0.5294117647058824, 0.058823529411764705, 0.23529411764705882], [0.0, 0.0, 0.15, 0.1, 0.75], [0.012422360248447204, 0.037267080745341616, 0.018633540372670808, 0.546583850931677, 0.38509316770186336], [0.0, 0.10344827586206896, 0.034482758620689655, 0.10344827586206896, 0.7586206896551724], [0.015151515151515152, 0.022727272727272728, 0.015151515151515152, 0.6439393939393939, 0.30303030303030304], [0.03374233128834356, 0.41411042944785276, 0.10736196319018405, 0.2361963190184049, 0.2085889570552147], [0.0, 0.7446808510638298, 0.02127659574468085, 0.02127659574468085, 0.2127659574468085], [0.0, 0.8888888888888888, 0.037037037037037035, 0.0, 0.07407407407407407], [0.0, 0.55, 0.0, 0.05, 0.4], [0.03942652329749104, 0.35842293906810035, 0.12186379928315412, 0.2724014336917563, 0.2078853046594982], [0.06802721088435375, 0.2108843537414966, 0.06802721088435375, 0.3673469387755102, 0.2857142857142857], [0.007575757575757576, 0.5227272727272727, 0.18181818181818182, 0.16666666666666666, 0.12121212121212122], [0.014760147601476014, 0.06457564575645756, 0.06918819188191883, 0.731549815498155, 0.11992619926199262], [0.010501750291715286, 0.061843640606767794, 0.01750291715285881, 0.8063010501750292, 0.10385064177362893], [0.0, 0.6785714285714286, 0.03571428571428571, 0.25, 0.03571428571428571], [0.010856453558504222, 0.04101326899879373, 0.016887816646562123, 0.8250904704463209, 0.10615199034981906], [0.15789473684210525, 0.15789473684210525, 0.0, 0.05263157894736842, 0.631578947368421], [0.007407407407407408, 0.03827160493827161, 0.01728395061728395, 0.8432098765432099, 0.09382716049382717], [0.030837004405286344, 0.07488986784140969, 0.2643171806167401, 0.44933920704845814, 0.18061674008810572], [0.045454545454545456, 0.1038961038961039, 0.1038961038961039, 0.525974025974026, 0.22077922077922077], [0.05263157894736842, 0.017543859649122806, 0